2133903
1945424
712416
1815450
1138024
953156
406686
2158475
1024380
2042768
627068
999328
2937300
664700
820336
937960
358846
1679605
472615
1169496
2020992
727552
1438929
427390
1170684
549780
659330
1660560
753571
939072
1405374
627348
1504110
2483197
1799771
1054340
1160572
1492800
1154980
1057784
1421860
1426992
579716
1537062
2851058
1294048
249418
1457488
321680
957625
568620
1605564
1438748
686996
983234
239220
512730
2287626
1373816
1920240
1140840
1142938
738144
509010
1436832
2119424
948927
376992
2212408
1647695
1939925
1478952
320044
1098055
187862
1757106
1104992
448485
2520484
1339107
1812244
1069731
471072
470940
925322
2141700
778875
421196
219716
2685816
723609
388032
922020
965358
663816
728931
625536
1467782
2067236
531375
710694
438435
1188090
699400
1854496
2105700
1791318
1782297
1528200
1587642
954666
1064800
887241
806799
438750
973659
1724008
2047276
307989
973878
688864
1385910
1461356
926228
1067192
1373132
1087119
1230190
1363926
1389096
477345
1268630
391964
1765225
229455
624435
686154
678480
533925
1076034
455477
1128156
1310520
782870
315550
2028970
734388
779241
1492506
1800516
1259904
1063648
434656
508924
1403595
1561432
1891932
731700
563178
875228
1305480
1361675
1161090
1395681
1001104
2275500
1370759
1842035
2080078
597286
1358640
558252
2400476
1131416
416936
1658835
1431012
513300
848328
1874928
367584
1323054
1446522
1447992
2109930
779868
919030
537264
1261600
448210
431325
553616
453651
986895
250852
1336717
519738
720882
842343
2108343
1050985
298272
902798
692180
2002392
2253500
1338124
1369680
1643948
1297594
2134246
492156
1932518
1385011
1219158
1494892
1398600
461435
351256
1042283
474600
420660
489924
1032000
1069320
1133132
1670965
2010619
739206
1382166
665951
1479548
1362348
1722700
848358
2104286
1748850
995520
2338032
1298716
2038660
656535
1870546
1431076
1176597
1936102
1582527
873120
2026401
747075
1130632
1622040
567206
379689
424536
1620304
1220697
1099648
1183212
1750014
1107108
1449629
1006988
1770912
927255
1125792
1291116
968250
446888
1342906
1093281
2409210
722880
1102880
1079449
1039500
2038586
853750
1414956
881804
1081278
2534505
1336298
2404898
712712
523770
1360800
924294
895359
1437818
1877675
258444
430418
589960
786695
1773780
2699136
600596
307170
683230
1458176
1171894
1728221
2612566
1150380
1055912
1645616
1521216
1763517
792792
605425
1579284
391391
1386900
2439971
2571111
1754992
440772
961368
2456159
977740
255906
1592166
876060
332400
1227224
1022040
1369368
1922325
1189250
990355
877680
803000
2110966
634920
1394461
413610
361661
683175
783783
1990697
1992228
1178100
1083466
1263495
1320676
851852
1560889
1398852
680830
418725
2060550
1980185
885476
1181686
830830
1707944
1180048
1176630
896220
1505925
732495
378624
1257036
673355
961192
501220
354320
1238339
1377975
1109980
1317529
822811
895287
1398630
1210053
525210
1680000
812808
2586704
775884
2582184
1331166
1823400
1746405
830760
486472
835152
882784
389350
1483500
1560450
1164375
946792
1159296
1602544
933321
427824
483860
1225120
2682900
2188138
770040
702576
1804992
1883700
1383480
729788
1750089
435252
742770
1268952
1527498
425432
386584
1287807
1381506
2452989
952302
1019160
1209735
637308
1090180
1945755
1117753
1042659
583362
338364
2190493
1388175
1116441
1980300
852480
1898628
1541528
783195
909821
1543344
2524358
1077665
790602
872063
1001070
1005312
189156
419178
1779458
1159470
788948
1674744
406998
2097970
1616900
458568
2439512
1797120
511680
587880
590426
322322
412740
924732
1962380
836836
2628812
242704
520758
870105
546780
875544
801350
1820016
872760
1622646
568480
851488
855442
913248
1028224
530816
1166780
1983123
946710
1506438
1093608
2199476
2475063
1306840
253920
1911312
358670
1298328
1948583
1729762
2578696
1166065
1316073
1004740
531432
2238000
965006
2087904
647352
1216254
860172
1207195
1032546
2297538
428240
1175860
258560
1782940
1841622
741228
262777
720902
1313526
638064
682773
279342
740355
1293400
1429380
1536576
1249360
1594404
935781
2273040
1414602
446856
712768
999726
606024
410316
1730680
1292123
1031121
2161134
761793
565587
251596
1514968
564186
694331
419348
628095
1000000
2330042
1403988
1711325
2215002
804625
1568754
867009
1289748
567492
1916442
1875012
1590104
1412175
280741
960526
1272216
513968
917868
1881950
469910
639999
700398
659808
322036
1897155
1038825
251430
1877400
435348
889658
1571973
811780
1634884
1742020
2584480
1767744
1077601
1050203
613921
1286344
469168
1372686
627570
435712
999630
1234974
1148436
1343798
358360
323760
735456
738568
1275646
919632
1218763
1408182
704323
1817264
360765
418019
1117620
1790880
1058545
2658936
879244
1879200
1085705
1992320
1237929
1283980
391560
705963
406290
2171128
1116348
577656
1122352
2171826
2061131
494758
1360828
1427019
1567060
1972816
1816437
1191044
2576432
981651
1161477
938030
915704
2646181
1243060
2306238
711382
2338095
1162104
1917696
1192800
346256
1153173
386354
777360
1015956
1080548
730149
1953873
2787016
1773072
1589832
1442870
500400
1003552
1730550
1963166
463843
2057832
1520627
1457980
651920
1513005
1747830
2188597
1277930
1225926
479318
1392168
329716
311563
227178
1239300
1074969
1029864
1166104
1577692
1049433
2285244
662316
330771
1214880
688838
622144
723492
827062
1022883
1722407
392832
1524585
1379328
1570016
789140
542974
1251315
2023200
2553225
1341120
2540364
1165842
1501560
1713120
1124012
1181670
1291636
2114035
2280668
688463
2135210
329681
1793848
457498
736092
1565839
2216608
266596
611546
518508
2085373
901980
1081360
1168440
585746
1905187
1830664
555246
652743
1225244
644470
588023
840560
780980
1201578
1527750
2328418
1184274
1330236
542864
538065
445295
761056
1355470
2145480
679554
1335936
556116
1509872
399655
1206557
2202655
308850
306726
1535168
823680
1695330
411700
371712
2411808
1122240
2354481
1044480
510150
1213212
1162131
1343840
223564
1363948
484744
2332152
1606500
411160
611796
1554732
1877760
1607280
1217390
299996
1455693
778706
1685148
913248
2064879
853852
1781849
647460
869196
1565120
507320
1522946
338476
950290
1442280
1478742
2209822
653250
1323198
1106028
1115409
580032
1469178
415552
1891736
630224
1292484
334305
1805518
2208252
733470
1627200
1690416
2180104
878638
244608
562632
1688170
1392006
1628333
992793
484560
866880
1709567
1391809
1278774
1218888
1409551
880900
574200
1968632
592103
1276800
2124596
1021334
583110
1029178
1040478
1061160
942196
1712725
593021
1485680
2214984
731929
1566129
1003320
1391091
1032118
1768020
1708716
2430272
1650200
995657
2379048
1821758
397540
2242656
891456
631560
2328636
553608
523160
1054544
418692
912114
1082079
1951180
726352
1390460
2923155
458560
1259202
968658
549120
1372135
1070307
1542784
645569
970420
1370964
590875
719213
1191281
1356160
412395
1420012
1598520
2543625
2025638
1115604
610696
1341024
1340632
581568
2449452
315810
1072768
1653456
2722146
1029367
455762
479892
500140
491706
933444
1204595
1506853
1036665
1967400
1676500
366480
1869885
1511095
1719757
1662089
1311660
1242042
1273030
1238202
1440742
2213909
2039512
2376550
709700
1615647
410260
1604687
2053384
754435
795000
2212740
1373008
573040
1932552
766774
1962360
1662822
614244
1485915
1273000
558030
894888
1447551
474624
1725597
1241562
2153852
307255
954808
1510320
330956
1938400
509840
368760
1071667
1872876
1732500
535584
1271592
1593720
1038590
525616
1994532
722925
769824
2581552
1193408
1145600
1059303
600642
920144
409563
1236560
1494490
659295
672792
589016
2273762
1588940
1127750
1678286
2427300
1753240
1894752
2000475
528120
1717898
1870757
2326118
1911510
1346961
1414800
690184
448932
2101743
430743
2707200
1368750
2677056
638058
866780
1437360
1706240
822504
622787
1266732
945702
862848
1008071
1657880
1457226
1508472
1276864
2101862
1360064
369984
1176855
452962
1177653
889980
1615424
2022624
1231262
352972
610416
1089181
1194505
1106677
1262250
1236672
923355
2398788
1636560
2496723
325326
1441440
1315440
1732302
374310
1844004
1603196
2402920
1823280
949693
2362572
672987
703680
1940448
624600
224280
2138771
1250408
300105
599850
1919827
573230
500560
259515
652052
1886541
607200
1502800
2808008
892620
1471197
1065744
1162784
1134452
592152
2083866
2141830
2275050
298368
1911604
1850644
777686
2279354
1128420
1615128
1332030
1370138
424175
2546180
1199730
760176
1081248
1816793
943800
2130375
2209344
1187477
1772700
539392
771108
1960808
621314
1814238
468952
1950772
932250
786714
541648
1279434
650580
1009328
2064634
924990
372447
1602300
1323353
499244
963020
493632
1037498
2741308
1912482
1707660
1592624
1339044
879357
1215344
2287075
462315
359775
1859480
899640
444338
795912
900956
712404
879254
349102
297882
563475
1066550
742176
1318660
1601334
1033850
1394206
2176768
850226
1090782
1519137
984192
481656
909090
1308398
1966272
2021232
2865688
857374
1305200
1614170
2436448
1823708
2148384
1594715
698301
523989
750984
1665134
1820540
1076464
1136502
1051500
744480
647280
1697640
463306
322344
484592
1305129
711634
1468614
780598
354270
425790
1203246
360540
639952
1388388
756208
442300
375813
1471605
1401633
1256274
2055310
1320236
969707
743360
614048
233358
917378
235746
474600
298350
1100046
1013175
2151435
2105079
953316
1531000
1449512
395850
1504477
935694
1246960
1238006
655690
293370
2688046
1830800
1729416
2234653
438480
2032295
1377880
1805475
1070740
785068
1497195
1526840
996588
451643
2422720
1292980
949578
820776
848888
1673173
841232
376090
820608
839615
2562435
630608
484200
269516
1152718
1477428
367132
1557884
851032
500148
1362843
730350
867636
459725
757809
354360
1620192
1149525
1248862
1495260
485849
1194930
525096
849464
1843074
627321
363261
349720
1191044
1307688
531784
1730876
1500984
1599233
1821771
1754180
1617270
2232690
1040028
804884
1938000
1004608
520914
812660
400875
682344
2872287
1612334
2413648
1857807
1560125
1273320
1566720
1806650
480318
899228
716272
1751450
1179488
1702590
309702
2531334
2371392
657020
627300
778141
2229812
2589312
1004707
574200
1517628
1059680
1523880
921195
1205864
1035416
1795819
375999
1543850
1727588
841484
2478566
2396835
431760
454416
563122
651472
281521
2306031
1367366
2094795
1435632
1619122
287952
705628
954930
2583126
493971
163920
716793
1033548
1007688
1698664
2292149
1500240
370158
333650
950015
1850004
892704
425712
505040
1064637
1702501
2418064
886222
1421308
1827420
2474494
1059328
1201480
1179612
1441188
729579
783510
350155
850720
567486
183105
976384
1270800
406252
2633774
2211328
1287210
1363950
609128
832000
1543428
1013523
958464
902212
1352096
814793
634583
2066064
1244600
843180
2288520
1892772
924741
804640
1046925
305756
2011934
1923264
1177052
1623217
899014
804768
1670100
2349200
1133050
2417572
1453428
493166
1531222
1864000
1384355
1733696
662000
999481
2120067
742848
1206766
896969
834394
1137866
520521
1300276
1040871
1584856
1132230
1240400
1583785
516159
467410
2228439
1539135
1046800
416430
1792128
264438
1610973
572984
548000
1428350
1435239
1001376
1306664
1504755
2116251
1496320
672257
958392
585812
470988
567072
1579012
706690
499698
1779435
455000
1687836
1605374
1047774
2190752
496806
1691085
456532
1039452
563085
471440
1591584
1393157
525454
802428
2333097
1297686
419256
2690954
485013
1250952
1955340
2549313
216187
2172232
364270
1504301
417231
1053628
1344933
868367
368384
2677590
1484028
1121906
537915
704476
1323792
691712
1241034
1405305
1001750
1471320
1590010
2520904
880075
256630
1084300
595750
317044
1175160
977011
778430
220148
2512640
716260
2594780
2180628
763329
1587063
2419209
987040
781000
1689000
805714
1217501
1456999
659858
999950
399143
306120
1454232
880380
2283372
586908
400600
1132608
1257075
480240
2325766
1542580
540452
1742293
456756
361759
1035826
1405852
850368
2223919
1045816
2401083
381494
1573493
866008
1294110
1258534
330885
519259
804144
944385
436428
859040
618786
708840
1388238
1582845
830648
824688
1074921
1823406
583638
1881810
1983840
533840
706440
2057496
2005080
2202837
347931
583692
1716300
1271388
1699719
1620575
2207286
1186560
1723040
1207101
786830
2224917
2463021
1832100
916418
1026774
1447434
478639
2170945
1607487
682168
1627920
1107864
562947
568880
645408
2133120
1656064
1606206
1311730
764370
1309544
756355
687720
807048
1301560
1951328
437674
740731
563255
2292465
692037
2110900
690396
960032
399488
757260
685592
990360
1477410
375592
1658800
1782683
286747
281548
328646
1209216
1202705
2440449
942579
349623
1900200
404352
1522977
739864
1669250
1448384
829808
1156808
2155200
1297134
552513
2667816
1246050
2384954
958132
1147608
2888325
545986
906780
293037
592823
601398
761928
804327
375232
411669
358670
1643256
1069640
1926868
509356
1423007
986048
2233120
2275994
442635
843106
872204
1933372
1499889
1707224
1789214
1509710
2290046
2045304
2181353
2625600
474864
663845
615440
1459192
1441070
552773
1932448
1191260
765815
700854
1923516
581580
681884
785628
391950
2171327
1826825
1234048
1473982
1143412
1333593
1558430
1150128
1517285
840312
2171520
827057
1429020
2026404
938916
1762180
842683
2074000
1424436
907580
1333434
617652
526800
1031305
824517
1911424
747659
1668526
994750
2478000
1201462
1798470
943805
1931658
2028164
1602720
1230990
1490114
2143922
415866
864080
974956
1430352
1043856
707914
948600
838292
598705
441373
428190
2630336
425646
641520
1540140
2183760
656676
873546
474084
1758786
803300
1129980
433235
1305304
613275
878424
403401
2133472
683844
1689316
1514057
678132
911064
490897
2299374
764240
409378
549668
878712
1779825
644688
850476
1033515
446313
2215117
1512738
1929228
613496
979560
264385
1146552
1506300
809115
257725
359406
2669472
658835
749275
2184364
1747392
804540
1753052
970314
1420160
1811680
882420
1522998
2249576
1319520
1204722
909606
2378453
857936
1963104
1133352
1244056
735945
1382707
480384
1473180
945624
2010312
346192
686232
1050000
368676
2063460
1605730
497272
1556226
437640
2334123
2136184
2390750
994536
1169860
1687604
724563
1867692
991224
1284568
388583
1182053
511840
745864
237176
1642664
2475510
1544496
452417
2299208
955500
658157
938836
1597360
1499134
1327606
781120
991900
957582
1421060
1422624
1878954
1263040
2467960
2394204
536733
1883088
2083779
1944840
2221329
417872
304113
299407
540890
514596
667299
1074332
1895293
523481
1644747
1162172
706560
589155
1370998
1093887
974610
265913
912798
1174203
1713990
1508988
2216214
1300500
2333058
692484
392972
341584
2070750
499735
1380764
526680
426880
1720320
804683
421290
1179957
878940
1116587
917378
431275
1213505
1601600
756900
416430
501380
472668
508606
1179190
1059827
783370
1926344
914641
1736901
2323868
426010
301815
363968
2347137
655893
1360523
1276289
2613405
1817736
557127
187680
1674903
854496
1539252
1228320
795696
1688040
1021230
405280
1780350
1265992
783860
693631
941154
1701080
747947
1406563
1527120
1545720
2147112
1189936
1685904
693515
324213
753786
1341684
2103000
1346136
753900
1028382
2868470
1536832
1002211
2446962
807120
2203166
536679
804344
293949
270996
2046384
1732446
1842785
856692
857925
814968
490507
387828
907137
1393095
1395387
696762
2136288
2671748
425565
1036392
2390634
701250
2789428
940500
875978
1770930
2548584
2021880
2456958
984144
2110342
651192
2263626
1642584
1058840
2303928
1693710
456672
1348055
1653852
1432500
296856
629628
1774528
402462
1401361
927627
1040746
1555813
924866
740211
2029607
1407726
2815292
1329968
545925
1347420
322960
873000
588756
763233
2471249
1499678
1109808
368959
680760
1176209
2219468
1450425
616192
1247750
761047
1809140
446940
700700
2107784
1139076
2014110
823200
539280
2346400
567742
1792560
2331648
2053005
1102280
1856525
1741320
1275560
386036
1730675
1568697
1196465
2462280
419256
1184376
738430
1437408
1615851
466722
1450556
1331856
873200
1461570
562827
2494410
1685132
2399040
2487712
808170
2030783
363280
1355365
1074675
2398008
609342
1411969
2049606
500610
938562
2245203
1422220
2387832
1428480
2119735
674276
255061
1104846
1298403
472685
1182841
1427118
272880
831316
1469460
1133199
1247760
727680
1522840
1489911
1447509
1970874
1438827
1440540
816228
1197485
528892
1528254
2233899
709560
2111472
656744
1713992
1355046
748790
1285842
509600
378900
810186
757434
550816
475171
650750
2381400
1409546
2181432
1286766
928368
1820448
1482810
190280
2290545
1709037
669664
1204200
1041120
1140876
1315126
272545
808192
536672
1677728
224342
570760
682240
1747292
693244
1155436
303365
1298869
2001232
1539800
1949220
1627556
1522222
652896
1157544
734786
1511160
864248
1401822
506540
444299
1163542
1436211
481992
2069786
973764
636918
1733022
2331324
1541976
561132
1302720
366132
2108109
928243
673670
1140156
1031058
262185
839522
770968
1815336
342078
1660120
1647409
1912638
544896
1307250
2470000
1109262
850752
319616
800160
704770
982563
1586032
1598283
764505
443976
788697
685082
1002122
2577332
888900
1761200
1706400
1095146
1351196
493924
1882440
659316
657500
703950
1918728
697746
348720
1908286
1929198
927927
1996209
1552041
980934
732028
1463264
1177722
1205347
1510825
2257515
1202850
1191033
500836
1343844
1460224
1659833
1705712
503828
1930614
708792
446940
1159650
1489124
2175360
1331936
616044
1243699
343602
1219730
400512
1646556
603780
1171418
764115
1611708
358620
1413698
743265
435333
1685729
1550780
1456858
948832
2797050
776442
885998
867465
823150
1501650
926350
1396200
978120
461130
2145315
2034042
2427558
328482
1442460
1558036
385396
238014
433370
875336
780516
1690730
780148
882783
950891
1227937
1490930
828138
485520
1425690
746940
771292
733134
403727
1213312
1760920
978588
595660
779220
1071720
1267950
1405404
2598516
2236490
593352
770800
1189377
418610
1475136
412272
1789185
737635
809080
313537
704894
407044
402885
1058628
1400308
711199
729444
1240827
1276600
1772840
1026596
1901536
984780
973890
1781568
1944570
1192401
1826938
960960
958151
1670116
1282820
1386164
971100
1085160
673552
1258972
886215
652190
668322
433008
559206
1690164
745600
224304
1504823
1777866
622200
1567020
1363352
1203524
2136182
1359677
2398682
533680
1794807
1716390
2047761
1024698
464577
580800
2364390
1548800
1996000
1264310
686826
2813776
984369
1538256
1220454
1953742
1921260
749472
1002500
680043
1769644
1211184
1784580
594130
2281250
1853390
1591344
783380
2072692
708795
2585100
1602930
2001280
506184
729280
831896
2144448
360942
1819950
1356498
1371720
1840571
560170
817094
1790490
615663
1163388
1802993
499380
2203004
2200405
832529
1113016
853370
1214576
1099024
248283
2370200
1294176
1752975
2603190
2320565
928041
2268076
2682225
2037420
2303500
1699168
1315846
1112010
822625
380274
1927770
818505
379905
2336590
1381104
786320
1682260
795318
1466058
1162788
922200
328720
2203620
1524898
458640
825518
1438226
419250
1410370
916500
1305720
685368
1097010
2017268
1342278
1044762
1026300
1843694
1107028
696696
1705760
360696
1616680
616878
1126951
1068376
1251828
1199394
1344024
1397060
1363411
2353176
395879
405324
1637515
984915
1447316
1342278
2632500
1147585
378359
2380170
2211294
2693026
1368480
872280
1149897
745822
918652
701492
936187
1102500
1443750
1204005
2069529
422750
2717634
2090340
2235367
1027180
958563
1267452
1166860
954986
797215
2384480
887940
1083256
2030805
181170
2162160
1826024
413910
2250348
1736068
620218
1327669
885339
2198502
1010862
2458798
718266
1521615
797215
1253505
373032
912330
1087812
819621
1988702
320281
1504420
396780
536634
1844425
2849763
373106
774400
1691124
594698
1182636
1576380
1362984
1298947
1059916
517472
304288
2415325
2091144
1298500
1470185
1758964
546440
580856
350610
598320
1284045
766320
845370
654885
914839
503478
390400
512430
1127473
1154101
668748
2470912
409712
888941
2702220
879870
2189534
375243
1061710
889608
950615
1016964
1315648
1889748
1634373
1559054
949344
2682225
1359579
1076250
891849
1632930
1039380
1700994
489600
659022
1626779
485824
1021000
1095860
497546
670208
1550456
1431891
1899690
931104
714999
1365936
1064301
598195
2618364
1844282
2199995
1170300
610740
769860
867783
688092
1476534
2874207
1002348
395096
1232927
515555
1202537
1732233
1706280
395751
1776555
1527618
880440
1994382
2211979
1673607
1422537
696169
1456322
596778
1053227
2171950
1233000
2205240
1341656
1984808
1705320
1772540
1093456
1324125
1199394
957264
643060
2909412
891136
733236
1622400
1473219
395149
563762
557604
954249
1041448
1165548
336043
2539236
853494
554148
889350
1694630
925749
996096
380280
760854
219145
2574558
1114940
1793695
326598
1096452
531493
1971501
307744
506252
498560
1277381
1287428
1230240
2173169
2399312
380072
354853
1981440
2200452
1695948
2080290
2977318
403770
634130
1025491
1191610
1553772
2534241
1556282
613251
1176480
351492
2326346
1643568
2445724
2153580
348823
1994933
478431
1110907
2076480
407114
1349705
770552
918380
256992
2180939
680606
874256
1299315
545100
1580790
591325
920490
583236
2885316
1239525
482274
1967242
1057755
1956864
604440
535408
779058
2297985
672192
1298752
578688
1728230
1040252
1134984
2066688
579348
1326135
2121278
1262196
2242839
1317210
2001266
1088616
1475172
958608
458346
185976
641080
375067
1819875
1345545
976885
1094225
1519214
1734264
1536906
1194078
2291404
496881
372672
1536212
1780199
1484544
2381770
2072632
949025
1658785
1242498
724090
896532
985883
2008176
288966
1015015
1211427
552476
777240
1565620
914463
1770503
1370500
360582
2327080
1345213
2096050
1028988
1319336
2108128
1794366
594880
2429752
762606
1923558
2621925
1066527
2560527
1659742
695789
1480500
839630
1905300
544896
1405465
538568
1573514
224928
1438866
817156
1215554
961368
1162624
1210496
2669425
1250172
1300360
1513765
1766310
1469446
1318707
1126944
931463
1661760
1956068
529137
466850
379291
506256
1107301
1167020
1041625
1240925
660577
1843361
887328
416997
455499
1940565
1638750
2267622
567611
2292160
1105230
400816
821889
2569923
963459
763938
294722
354084
1623600
637103
1186380
1704050
1427004
1269008
1270256
480600
1357648
2345364
1516293
1262624
342705
1607710
722013
799356
950832
1355805
1767345
815467
238975
407610
2565285
1414140
850029
265289
1197390
1071515
449064
936672
2517034
1464192
934200
1014196
979056
1058832
1771492
1045905
344811
598290
563760
1370911
1454836
1239672
720278
879366
669056
2081868
1166375
1234032
2102174
1008176
282405
1635030
1185536
1820285
1045233
327271
831204
360822
288360
519365
890925
367206
1165649
1095786
1467360
1239700
643290
1847590
707350
353628
1752093
1169088
883446
905600
1078668
1274218
789976
2474220
684110
2198403
1130424
693543
1323280
1367100
1186524
450336
1270908
1045317
2133204
1528088
1255595
774144
432411
258030
1059956
888335
575640
2170622
1696149
1077196
1246058
752896
679140
305128
1094940
703159
1385200
2797092
1185790
1295914
1559800
1482068
249072
1957960
1377210
1147144
1957200
1421056
339192
670310
910563
1407200
2244066
1408680
1492656
1079670
247584
562394
776245
835600
1794927
1997436
1844190
903960
789738
1403631
1112631
1993446
2041006
709760
2086368
651360
913449
2673000
1882433
645250
1751124
1646624
1295840
1245165
1309365
333312
667520
1060488
483828
478272
1399264
1321161
906830
592030
1725087
2662784
821748
1335499
2398617
486416
429730
904344
643200
571676
885960
1520119
1895036
1022140
862634
1156990
1108128
713250
610816
709596
1635413
1296258
1077858
1880032
1934080
269724
440500
1369333
1965472
1425488
896800
2204352
511700
1578675
730452
2797050
2427311
932292
373240
537825
761520
1486030
968243
1856000
814380
1230684
1857735
1360268
2291421
1598664
885969
485240
2143368
1570624
1517889
1047917
393736
1491920
1420132
1511944
569098
784080
657270
268332
1677492
1494204
2321325
1896340
1788885
1554336
1086478
302100
2189122
1014928
381254
2563064
1445090
2148783
1295712
921827
915936
659808
1636700
997776
1065995
599604
301346
860676
684356
1005648
1045486
1528906
285136
1431040
2449082
952929
1746420
2658076
496020
185010
2154096
688058
2902284
523802
1817442
1050664
443362
839913
521910
519023
1468740
1048714
417626
268488
1108604
2357240
1248072
1708434
802393
979183
1978848
1789866
1568610
1325730
1855770
324648
1158894
293303
260775
1040635
1527516
590785
858714
435670
1127274
305945
992698
648092
2186658
973206
1175040
1433796
348696
738700
1374975
2066100
1576848
684588
1478573
1395837
520384
1780812
825759
801408
1028074
904935
1615068
957453
1587768
606279
2233602
1913624
1583686
1420020
311090
732028
1324008
1057310
2439640
2019120
397606
1109075
2075632
2262708
1684340
1859220
181192
849462
1360966
1694763
350872
870837
1622790
1195474
1083261
918722
997968
601306
425173
503871
1607588
522912
319347
1020257
812913
905920
905532
1134840
1034034
949060
1242624
1456487
1128390
720576
325420
1194342
476784
520672
306020
713680
763983
347776
2765240
470118
726264
1056714
774792
555013
586920
1096470
1364690
1800729
1035648
940310
1298025
192290
1202811
366780
1966615
1389072
495093
1194726
2010960
912256
777868
1114746
1028676
1674794
1608903
1630569
1475952
393057
1925935
1682346
2908500
1178610
622909
1056839
1656364
739872
898209
417564
591004
1802156
725474
845640
761536
2336340
1296900
2384334
1517292
631057
2490587
443460
2065357
2914416
1147000
1567834
787400
1028159
818176
1088181
414829
1497132
2689434
1224850
881868
448065
2179125
916229
1270400
1026508
1760000
1533077
1180036
760620
825430
830830
2129576
1297780
1808512
1386892
1063902
1804088
394250
540018
293172
607014
180048
2686236
807432
463424
2078216
999005
355135
2517504
612568
845790
1031320
1450644
454080
740688
397408
2140712
