291
199
82
285
152
131
69
235
108
299
124
187
300
68
176
179
58
283
55
148
228
116
183
79
124
70
70
187
91
201
142
92
181
281
257
140
229
300
215
182
230
168
74
278
287
224
53
284
40
235
90
206
158
71
127
54
54
274
166
270
120
178
144
57
144
272
219
68
248
179
235
216
62
229
41
234
112
87
298
217
236
117
56
94
127
275
93
58
49
292
123
48
132
177
68
103
96
227
251
125
162
45
258
104
238
300
222
187
300
206
162
160
89
103
54
103
274
253
51
174
152
270
179
212
118
194
139
130
206
216
55
190
62
275
45
105
119
88
63
222
47
123
134
121
50
274
76
109
249
212
128
172
68
52
185
284
202
100
106
211
165
251
266
287
104
250
169
221
286
73
144
108
268
143
52
193
148
118
156
201
42
162
231
273
265
87
95
63
160
95
71
56
59
117
62
281
87
174
177
281
247
52
169
106
274
250
134
156
167
206
269
63
223
163
214
263
216
65
46
209
56
82
62
192
152
182
179
211
117
186
143
212
246
230
126
226
262
170
268
164
260
69
298
284
239
287
159
136
223
175
124
168
106
67
49
238
261
242
138
258
201
181
244
258
105
216
204
150
52
223
237
270
120
113
193
110
209
125
244
154
258
285
137
262
143
65
225
177
163
227
295
54
82
86
133
235
288
106
45
85
178
211
209
298
249
142
196
228
237
121
61
189
91
230
251
261
251
46
123
277
190
42
237
155
60
179
180
273
285
125
205
138
110
242
148
227
102
41
75
99
229
259
175
146
131
202
173
187
234
103
75
241
257
122
209
154
196
131
130
156
291
141
68
267
137
137
76
80
149
285
230
163
131
167
230
247
105
280
108
269
123
264
298
200
197
184
119
137
196
65
300
202
225
203
192
296
177
72
65
208
271
278
90
72
224
207
162
74
293
46
90
148
189
56
46
201
254
287
174
114
135
126
260
261
173
207
81
52
271
249
153
205
144
246
233
105
107
158
298
115
102
211
245
102
44
57
263
234
118
248
54
215
185
72
244
195
104
71
107
77
90
204
214
143
268
44
126
215
65
191
155
297
105
199
136
88
86
189
232
58
257
243
134
153
122
283
261
185
60
234
62
282
299
274
268
155
209
110
61
240
229
224
72
186
172
235
159
271
80
227
40
239
191
76
47
119
174
108
123
42
105
223
270
159
280
162
231
231
206
86
112
182
72
62
280
197
117
279
111
87
62
182
101
79
82
65
200
286
237
275
237
125
209
141
138
57
198
246
188
285
53
161
237
112
147
266
98
153
167
79
44
235
243
58
280
54
154
221
148
226
230
290
297
257
161
77
184
56
138
95
46
145
213
171
262
62
71
94
76
289
147
227
174
149
212
45
49
210
287
127
294
92
225
241
283
231
172
78
93
58
223
123
72
154
222
263
86
212
249
170
272
201
167
283
197
181
95
116
277
182
249
119
255
164
227
168
67
267
46
80
207
259
147
207
293
252
284
286
72
176
278
254
47
252
163
271
116
195
290
289
235
186
67
152
62
47
54
225
113
249
284
274
121
247
97
57
240
163
64
81
118
177
269
88
205
256
163
187
73
299
225
295
160
278
271
258
215
158
210
274
289
244
73
235
43
206
47
161
283
226
44
86
54
241
180
112
195
139
197
284
109
117
164
85
89
112
85
294
250
254
126
218
56
99
83
136
178
228
114
294
132
182
67
251
235
50
42
272
117
299
50
48
291
210
291
204
95
231
159
185
44
277
59
244
204
76
68
228
256
185
158
74
219
83
228
224
279
92
251
108
113
292
88
277
74
110
255
222
278
67
159
114
163
114
243
43
259
119
222
51
214
236
138
192
182
232
158
49
102
206
161
259
177
60
172
239
149
199
152
143
115
87
212
73
168
274
127
62
109
114
120
109
175
121
280
246
121
223
120
159
157
237
246
299
223
247
238
251
65
288
96
152
246
108
110
136
82
127
183
245
88
185
295
80
147
114
128
145
147
272
113
220
266
125
151
133
160
95
236
165
255
226
228
92
229
226
64
258
58
136
294
294
151
62
116
68
59
134
127
197
135
200
250
48
285
155
263
197
270
137
163
217
257
283
298
298
151
283
73
161
223
121
150
228
164
116
276
158
216
249
68
177
268
66
162
243
103
237
206
233
65
142
240
68
200
80
84
227
291
275
96
174
190
185
56
213
175
96
272
232
200
219
126
131
77
232
199
115
97
122
278
212
250
278
270
212
258
225
81
182
233
281
201
187
180
88
66
219
67
300
250
292
87
95
159
215
86
121
222
211
96
173
191
146
168
142
217
269
47
201
86
237
105
172
216
206
79
81
269
221
143
170
171
153
252
180
271
59
264
162
286
90
186
217
260
240
157
279
73
120
246
75
42
251
149
45
90
221
133
80
45
68
213
80
200
287
108
221
108
232
118
132
246
293
290
72
212
254
91
287
180
173
210
287
47
260
197
144
168
253
110
299
222
139
300
64
156
262
82
243
73
268
125
114
97
141
105
199
286
110
87
210
157
76
179
96
154
293
286
180
176
228
157
208
245
111
75
229
119
58
156
92
132
122
58
67
75
257
96
140
179
230
254
256
106
198
153
233
61
105
158
224
272
292
94
251
254
298
214
276
197
111
81
174
214
227
152
206
150
165
120
188
83
72
62
133
77
219
91
70
45
177
45
94
236
151
50
93
255
153
142
235
239
191
92
124
57
98
42
60
54
139
237
255
213
117
250
236
91
247
229
143
154
145
42
281
184
241
251
90
269
245
181
124
164
291
164
188
79
268
130
138
88
116
233
116
55
192
149
285
88
100
52
274
276
68
268
182
99
163
150
126
71
127
40
168
117
241
180
91
187
68
196
186
67
57
40
167
138
88
196
216
283
189
278
222
285
132
124
285
176
102
179
75
72
297
194
244
259
175
131
170
230
102
214
89
230
248
290
71
299
288
130
102
91
274
264
149
99
267
185
180
165
142
116
223
93
275
281
164
271
245
84
48
73
152
43
273
182
263
176
281
42
79
229
266
69
40
77
172
132
194
269
285
51
50
115
201
102
98
59
189
269
242
158
161
285
274
256
196
186
172
157
82
65
104
81
45
128
240
77
286
224
214
175
104
128
186
119
192
94
248
167
101
258
245
141
270
203
111
160
235
44
254
252
292
223
107
166
190
280
155
254
188
71
163
233
185
206
80
119
233
159
209
179
97
262
87
244
169
196
282
280
185
63
86
223
195
200
63
208
54
273
134
80
175
261
108
233
255
249
160
73
204
137
54
96
188
85
69
269
70
258
193
182
223
93
277
76
228
129
80
177
179
61
132
299
131
54
274
67
141
213
269
53
248
73
229
51
124
261
157
64
282
151
167
109
106
144
112
138
165
250
201
199
278
175
55
175
125
52
120
157
190
47
256
118
274
244
163
213
261
199
110
200
182
139
151
74
175
53
40
158
134
252
68
50
204
185
69
251
260
71
217
68
43
197
161
103
227
124
243
53
199
88
135
214
45
59
176
167
108
130
63
132
183
159
163
138
177
291
74
206
240
80
140
296
210
273
67
127
300
202
203
275
298
288
178
141
110
233
297
300
191
203
291
101
245
287
142
255
207
77
80
96
264
256
167
245
114
136
115
165
132
260
211
106
139
95
245
71
275
84
152
64
126
86
135
222
56
286
233
47
59
73
188
245
297
99
69
300
48
201
92
250
224
112
184
300
162
93
276
130
269
133
184
297
118
119
57
77
63
159
137
82
79
89
232
221
212
58
167
224
272
238
69
209
103
203
263
236
227
223
242
216
239
300
48
91
70
284
265
101
224
254
97
82
252
108
142
139
78
233
275
248
158
116
213
202
163
245
198
288
161
170
261
99
205
173
272
299
115
201
129
100
187
153
218
121
254
173
250
142
270
145
194
271
240
185
194
223
66
140
223
258
176
94
153
91
145
79
70
292
51
132
193
240
111
123
117
258
116
185
55
182
85
204
47
232
98
214
191
78
187
121
231
82
79
134
164
285
148
132
193
53
229
279
204
68
180
55
258
300
85
61
82
299
85
85
238
228
106
274
118
224
208
132
211
289
160
127
158
253
116
242
264
211
129
151
64
215
124
246
56
72
120
76
255
245
122
207
84
271
257
262
228
145
214
159
202
156
211
71
157
70
133
46
214
258
276
49
254
98
107
158
205
182
266
160
218
162
164
224
249
160
284
254
103
216
213
228
249
82
67
71
70
111
69
259
191
119
233
122
128
93
191
171
170
59
153
157
186
156
246
225
273
156
68
74
251
89
154
70
46
280
191
62
163
114
277
161
65
145
220
87
90
106
51
119
185
113
95
287
161
177
263
58
45
44
243
87
223
287
295
276
103
46
179
96
276
288
88
180
105
80
249
188
154
137
102
172
113
289
210
264
264
176
176
85
67
162
162
250
264
150
202
293
296
203
287
171
238
117
116
57
66
216
218
259
106
135
154
67
57
147
165
207
162
238
281
49
248
243
110
289
190
139
210
276
203
274
116
299
86
267
178
206
264
243
96
265
283
300
56
142
272
54
221
137
158
259
94
137
227
262
284
202
75
204
80
150
129
141
271
277
216
41
122
179
229
233
116
155
163
289
90
110
283
199
207
120
80
280
107
194
256
249
170
275
180
130
68
185
247
271
289
54
122
98
207
261
54
274
144
148
165
129
255
199
245
272
93
239
80
209
267
246
123
221
234
66
114
267
188
296
256
265
101
41
178
171
85
293
154
40
137
190
123
144
80
220
197
229
223
237
212
84
139
91
273
261
81
258
136
254
294
95
246
98
75
169
123
56
89
95
252
157
264
234
168
288
210
40
235
283
68
216
108
129
194
65
88
124
218
46
95
104
206
142
211
43
293
227
200
252
259
254
96
233
118
210
184
141
62
83
131
149
84
227
132
114
201
279
188
117
276
78
271
127
101
153
126
55
107
88
228
71
245
271
217
88
249
260
154
168
64
160
110
193
272
257
135
78
81
166
121
281
100
296
240
146
287
97
249
141
125
130
243
74
48
269
201
99
293
243
177
131
176
126
143
223
227
162
177
62
138
248
217
272
52
258
84
45
150
182
240
214
143
229
63
283
48
258
87
178
121
196
60
286
83
93
199
220
274
149
290
151
97
185
202
225
191
150
114
114
235
263
294
66
290
254
76
42
70
203
108
230
134
111
97
283
295
102
112
155
118
164
118
41
128
190
123
79
185
180
150
154
261
298
82
80
261
82
234
84
181
151
179
47
113
58
45
141
182
89
89
161
130
188
124
224
180
135
288
265
189
193
154
211
196
220
244
166
120
89
143
205
121
107
62
94
252
160
48
289
199
75
287
193
212
218
187
286
70
279
270
243
134
69
132
270
220
200
239
138
296
123
292
233
238
205
148
250
91
188
144
294
106
250
290
257
92
283
171
300
170
236
92
106
104
216
86
275
221
210
197
139
199
195
67
201
277
123
257
295
179
184
167
176
149
49
280
156
225
285
247
213
277
273
245
271
232
203
202
125
61
195
129
43
278
207
80
233
106
194
253
106
40
228
202
65
83
181
86
190
156
234
167
270
209
189
246
110
262
122
91
224
57
260
129
211
166
173
126
264
170
217
294
73
81
209
215
169
201
270
115
71
255
267
298
160
90
119
77
98
149
133
126
275
165
231
89
282
245
239
161
219
204
164
146
83
280
180
134
245
45
297
248
63
277
212
97
241
91
246
178
298
177
281
113
213
66
155
246
99
214
71
214
68
126
209
291
46
160
212
89
234
195
147
163
187
103
74
275
267
250
283
212
76
136
58
144
245
103
155
81
157
83
50
93
191
169
138
256
58
167
290
139
274
83
130
101
155
234
244
252
229
193
132
273
213
150
147
265
170
258
68
91
259
64
200
157
98
112
163
293
195
159
123
143
177
65
294
242
239
282
117
84
93
102
194
291
108
52
277
97
259
237
295
53
291
186
115
234
253
169
249
97
211
78
133
275
274
282
232
268
270
220
112
275
126
98
110
297
118
86
192
207
73
61
81
179
116
164
71
258
118
84
165
215
99
128
40
173
41
294
214
239
58
228
61
269
59
67
76
199
146
220
263
272
44
73
215
233
186
255
298
43
70
179
203
158
289
221
67
171
51
242
291
274
286
71
239
53
151
224
94
245
122
188
48
251
142
202
285
100
230
109
183
68
294
225
117
197
151
224
72
109
126
239
144
182
137
245
164
131
208
132
211
257
279
257
138
254
134
261
189
98
41
110
77
211
135
133
115
194
216
258
142
244
77
72
292
271
192
290
284
145
295
157
95
182
223
272
51
215
123
59
136
212
99
217
250
57
280
191
275
202
178
212
189
64
244
117
271
271
133
293
206
83
250
85
292
128
181
92
166
44
234
122
239
123
128
196
275
242
236
187
273
187
221
224
137
192
293
111
50
41
53
247
172
125
245
73
247
156
63
99
285
285
294
121
260
190
47
141
283
123
141
43
76
275
67
130
197
292
208
248
75
212
246
267
136
67
166
129
174
124
165
295
127
55
70
285
195
201
61
239
223
72
132
262
186
173
124
234
258
214
105
51
70
135
199
149
282
169
113
128
228
125
282
218
131
67
185
176
265
141
49
99
77
60
95
175
49
197
153
180
253
82
230
86
44
261
192
219
100
114
187
94
274
145
261
114
151
136
186
138
96
172
147
236
251
185
112
59
61
193
119
117
257
171
197
242
128
147
43
198
109
200
291
158
134
200
164
48
248
174
152
200
182
72
85
93
200
281
215
242
255
48
139
95
100
223
237
186
108
129
263
141
273
226
80
211
80
219
297
287
125
292
224
182
257
135
62
149
264
69
64
146
199
106
73
273
293
94
167
247
56
98
196
67
119
107
269
286
196
139
185
238
90
64
92
169
222
233
196
256
57
100
259
272
164
152
258
70
217
87
290
289
228
62
71
120
230
107
256
196
273
243
259
253
236
123
56
216
184
239
149
79
170
268
232
137
108
67
59
204
164
285
212
189
216
214
50
269
229
79
296
230
273
198
101
174
79
260
117
229
116
46
102
124
112
158
211
71
160
283
113
260
292
105
42
252
119
297
59
201
244
62
149
54
59
195
181
82
66
119
248
138
298
107
241
288
234
174
177
210
81
198
43
61
115
281
65
167
95
267
43
238
116
261
234
256
182
87
89
291
291
168
89
163
279
64
198
99
128
113
183
174
127
182
61
266
251
221
161
65
127
213
230
280
282
62
185
221
292
212
270
44
93
298
183
61
121
285
238
123
137
136
82
49
53
188
104
63
161
93
95
118
140
138
140
192
173
145
162
53
201
88
106
44
110
99
76
292
102
126
159
153
59
60
135
239
283
144
95
135
41
213
60
245
172
79
221
266
128
182
118
132
269
243
197
291
51
209
199
300
170
73
119
218
112
117
42
71
197
146
116
163
276
220
279
162
119
257
76
293
296
248
158
100
151
128
123
89
273
282
131
156
45
225
229
128
244
200
221
286
140
197
143
277
187
284
179
146
247
95
114
44
81
44
283
136
52
296
161
55
264
88
110
190
221
55
78
88
254
